bolha             8 0  0.000002405          49           0 1
bolha            16 0  0.000007086         225           0 1
bolha            32 0  0.000030715         961           0 1
bolha            64 0  0.000098041        3969           0 1
bolha           128 0  0.000391352       16129           0 1
bolha           256 0  0.001594376       65025           0 1
bolha           512 0  0.005736444      261121           0 1
bolha          1024 0  0.022651735     1046529           0 1
bolha          2048 0  0.069706853     4190209           0 1
bolha          4096 0  0.271655129    16769025           0 1
bolha          8192 0  1.083848565    67092481           0 1
bolha         16384 0  4.324418574   268402689           0 1
bolha         32768 0 17.304673758  1073676289           0 1
bolha             8 1  0.000001959          49          42 1
bolha            16 1  0.000006235         225         144 1
bolha            32 1  0.000024747         961         516 1
bolha            64 1  0.000103166        3969        2955 1
bolha           128 1  0.000394219       16129       10788 1
bolha           256 1  0.001575597       65025       43446 1
bolha           512 1  0.006364382      261121      187914 1
bolha          1024 1  0.025936115     1046529      702888 1
bolha          2048 1  0.104502314     4190209     2875920 1
bolha          4096 1  0.420440293    16769025    11382228 1
bolha          8192 1  1.699584541    67092481    45267180 1
bolha         16384 1  6.825427125   268402689   179769330 1
bolha             8 2  0.000002237          49          84 1
bolha            16 2  0.000008241         225         360 1
bolha            32 2  0.000030603         961        1488 1
bolha            64 2  0.000124690        3969        6048 1
bolha           128 2  0.000490598       16129       24384 1
bolha           256 2  0.001969099       65025       97920 1
bolha           512 2  0.007819545      261121      392448 1
bolha          1024 2  0.031762500     1046529     1571328 1
bolha          2048 2  0.125667793     4190209     6288384 1
bolha          4096 2  0.500724929    16769025    25159680 1
bolha          8192 2  2.002083481    67092481   100651008 1
bolha         16384 2  8.012381199   268402689   402628608 1
bolha2            8 0  0.000000927          28           0 1
bolha2           16 0  0.000002328         120           0 1
bolha2           32 0  0.000008710         496           0 1
bolha2           64 0  0.000034033        2016           0 1
bolha2          128 0  0.000135039        8128           0 1
bolha2          256 0  0.000529105       32640           0 1
bolha2          512 0  0.002118962      130816           0 1
bolha2         1024 0  0.008435092      523776           0 1
bolha2         2048 0  0.034359252     2096128           0 1
bolha2         4096 0  0.135761996     8386560           0 1
bolha2         8192 0  0.540826550    33550336           0 1
bolha2        16384 0  2.162486865   134209536           0 1
bolha2        32768 0  8.649510608   536854528           0 1
bolha2            8 1  0.000001355          28          42 1
bolha2           16 1  0.000004279         120         144 1
bolha2           32 1  0.000016101         496         516 1
bolha2           64 1  0.000069579        2016        2955 1
bolha2          128 1  0.000259699        8128       10788 1
bolha2          256 1  0.001044707       32640       43446 1
bolha2          512 1  0.004262965      130816      187914 1
bolha2         1024 1  0.016980747      523776      702888 1
bolha2         2048 1  0.070946252     2096128     2875920 1
bolha2         4096 1  0.284656981     8386560    11382228 1
bolha2         8192 1  1.155548654    33550336    45267180 1
bolha2        16384 1  4.648441571   134209536   179769330 1
bolha2        32768 1 18.786663888   536854528   725390838 1
bolha2            8 2  0.000001884          28          84 1
bolha2           16 2  0.000005789         120         360 1
bolha2           32 2  0.000022524         496        1488 1
bolha2           64 2  0.000091817        2016        6048 1
bolha2          128 2  0.000361089        8128       24384 1
bolha2          256 2  0.001434927       32640       97920 1
bolha2          512 2  0.005728952      130816      392448 1
bolha2         1024 2  0.023222584      523776     1571328 1
bolha2         2048 2  0.093816675     2096128     6288384 1
bolha2         4096 2  0.367546743     8386560    25159680 1
bolha2         8192 2  1.466168806    33550336   100651008 1
bolha2        16384 2  5.859146042   134209536   402628608 1
bolha3            8 0  0.000000313           7           0 1
bolha3           16 0  0.000000342          15           0 1
bolha3           32 0  0.000000638          31           0 1
bolha3           64 0  0.000001160          63           0 1
bolha3          128 0  0.000002119         127           0 1
bolha3          256 0  0.000004213         255           0 1
bolha3          512 0  0.000008336         511           0 1
bolha3         1024 0  0.000016737        1023           0 1
bolha3         2048 0  0.000033046        2047           0 1
bolha3         4096 0  0.000067379        4095           0 1
bolha3         8192 0  0.000148446        8191           0 1
bolha3        16384 0  0.000269959       16383           0 1
bolha3        32768 0  0.000541244       32767           0 1
bolha3        65536 0  0.001132629       65535           0 1
bolha3       131072 0  0.002254291      131071           0 1
bolha3       262144 0  0.004507107      262143           0 1
bolha3       524288 0  0.009173125      524287           0 1
bolha3      1048576 0  0.018445455     1048575           0 1
bolha3      2097152 0  0.036703361     2097151           0 1
bolha3      4194304 0  0.072472503     4194303           0 1
bolha3      8388608 0  0.143908195     8388607           0 1
bolha3     16777216 0  0.292852098    16777215           0 1
bolha3     33554432 0  0.575864843    33554431           0 1
bolha3     67108864 0  1.233706747    67108863           0 1
bolha3    134217728 0 16.998096859   134217727           0 1
bolha3            8 1  0.000001700          27          42 1
bolha3           16 1  0.000003943          92         144 1
bolha3           32 1  0.000015510         460         516 1
bolha3           64 1  0.000068248        1950        2955 1
bolha3          128 1  0.000257358        7875       10788 1
bolha3          256 1  0.001057574       32595       43446 1
bolha3          512 1  0.005243423      130738      187914 1
bolha3         1024 1  0.016982284      523698      702888 1
bolha3         2048 1  0.070761301     2093353     2875920 1
bolha3         4096 1  0.287273456     8375975    11382228 1
bolha3         8192 1  1.162221814    33546420    45267180 1
bolha3        16384 1  4.680147506   134205881   179769330 1
bolha3        32768 1 18.973748220   536850873   725390838 1
bolha3            8 2  0.000001847          28          84 1
bolha3           16 2  0.000005779         120         360 1
bolha3           32 2  0.000022566         496        1488 1
bolha3           64 2  0.000091033        2016        6048 1
bolha3          128 2  0.000402445        8128       24384 1
bolha3          256 2  0.001471638       32640       97920 1
bolha3          512 2  0.005790427      130816      392448 1
bolha3         1024 2  0.023688814      523776     1571328 1
bolha3         2048 2  0.101994798     2096128     6288384 1
bolha3         4096 2  0.373952251     8386560    25159680 1
bolha3         8192 2  1.484495618    33550336   100651008 1
bolha3        16384 2  5.934455910   134209536   402628608 1
bolha4            8 0  0.000000369           7           0 1
bolha4           16 0  0.000000334          15           0 1
bolha4           32 0  0.000000641          31           0 1
bolha4           64 0  0.000001152          63           0 1
bolha4          128 0  0.000002138         127           0 1
bolha4          256 0  0.000004221         255           0 1
bolha4          512 0  0.000008376         511           0 1
bolha4         1024 0  0.000016689        1023           0 1
bolha4         2048 0  0.000033455        2047           0 1
bolha4         4096 0  0.000066657        4095           0 1
bolha4         8192 0  0.000132390        8191           0 1
bolha4        16384 0  0.000269288       16383           0 1
bolha4        32768 0  0.000541622       32767           0 1
bolha4        65536 0  0.001096254       65535           0 1
bolha4       131072 0  0.002237199      131071           0 1
bolha4       262144 0  0.004491900      262143           0 1
bolha4       524288 0  0.008979649      524287           0 1
bolha4      1048576 0  0.019189550     1048575           0 1
bolha4      2097152 0  0.036822373     2097151           0 1
bolha4      4194304 0  0.072097650     4194303           0 1
bolha4      8388608 0  0.143731933     8388607           0 1
bolha4     16777216 0  0.287218889    16777215           0 1
bolha4     33554432 0  0.586141866    33554431           0 1
bolha4     67108864 0  1.147244658    67108863           0 1
bolha4    134217728 0  2.386499010   134217727           0 1
bolha4    268435456 0 136.488733181   268435455           0 1
bolha4            8 1  0.000001666          26          42 1
bolha4           16 1  0.000003756          86         144 1
bolha4           32 1  0.000015735         460         516 1
bolha4           64 1  0.000067987        1904        2955 1
bolha4          128 1  0.000284828        7791       10788 1
bolha4          256 1  0.001118507       32447       43446 1
bolha4          512 1  0.004666328      130485      187914 1
bolha4         1024 1  0.018265766      520069      702888 1
bolha4         2048 1  0.075526616     2088896     2875920 1
bolha4         4096 1  0.315777103     8360793    11382228 1
bolha4         8192 1  1.180658176    33498777    45267180 1
bolha4        16384 1  4.713506758   134182165   179769330 1
bolha4        32768 1 19.031056461   536760435   725390838 1
bolha4            8 2  0.000001820          28          84 1
bolha4           16 2  0.000005881         120         360 1
bolha4           32 2  0.000022754         496        1488 1
bolha4           64 2  0.000093130        2016        6048 1
bolha4          128 2  0.000369587        8128       24384 1
bolha4          256 2  0.001479443       32640       97920 1
bolha4          512 2  0.005989006      130816      392448 1
bolha4         1024 2  0.024084094      523776     1571328 1
bolha4         2048 2  0.097291152     2096128     6288384 1
bolha4         4096 2  0.380397351     8386560    25159680 1
bolha4         8192 2  1.512571091    33550336   100651008 1
bolha4        16384 2  6.045203724   134209536   402628608 1
insercao          8 0  0.000000420           7           7 1
insercao         16 0  0.000001625          15          15 1
insercao         32 0  0.000000610          31          31 1
insercao         64 0  0.000001222          63          63 1
insercao        128 0  0.000002237         127         127 1
insercao        256 0  0.000004426         255         255 1
insercao        512 0  0.000008796         511         511 1
insercao       1024 0  0.000017483        1023        1023 1
insercao       2048 0  0.000034782        2047        2047 1
insercao       4096 0  0.000070444        4095        4095 1
insercao       8192 0  0.000141076        8191        8191 1
insercao      16384 0  0.000278557       16383       16383 1
insercao      32768 0  0.000567248       32767       32767 1
insercao      65536 0  0.001257414       65535       65535 1
insercao     131072 0  0.002582839      131071      131071 1
insercao     262144 0  0.004760729      262143      262143 1
insercao     524288 0  0.009563901      524287      524287 1
insercao    1048576 0  0.018792768     1048575     1048575 1
insercao    2097152 0  0.038767620     2097151     2097151 1
insercao    4194304 0  0.075227040     4194303     4194303 1
insercao    8388608 0  0.149907592     8388607     8388607 1
insercao   16777216 0  0.300683992    16777215    16777215 1
insercao   33554432 0  0.599159740    33554431    33554431 1
insercao   67108864 0  1.199422349    67108863    67108863 1
insercao  134217728 0  2.434852460   134217727   134217727 1
insercao  268435456 0 128.097474850   268435455   268435455 1
insercao          8 1  0.000001122          21          26 1
insercao         16 1  0.000001917          63          77 1
insercao         32 1  0.000004787         203         229 1
insercao         64 1  0.000019766        1048        1109 1
insercao        128 1  0.000066942        3719        3847 1
insercao        256 1  0.000256293       14733       14989 1
insercao        512 1  0.001079564       63142       63657 1
insercao       1024 1  0.004002495      235316      236341 1
insercao       2048 1  0.016437990      960678      962726 1
insercao       4096 1  0.064287233     3798167     3802262 1
insercao       8192 1  0.285356045    15097247    15105431 1
insercao      16384 1  1.048137184    59939487    59955871 1
insercao      32768 1  4.170061755   241829708   241862471 1
insercao      65536 1 16.808825594   967231826   967297354 1
insercao          8 2  0.000001023          28          42 1
insercao         16 2  0.000002961         120         150 1
insercao         32 2  0.000009806         496         558 1
insercao         64 2  0.000037430        2016        2142 1
insercao        128 2  0.000143706        8128        8382 1
insercao        256 2  0.000618469       32640       33150 1
insercao        512 2  0.002215882      130816      131838 1
insercao       1024 2  0.008871194      523776      525822 1
insercao       2048 2  0.036064433     2096128     2100222 1
insercao       4096 2  0.150296442     8386560     8394750 1
insercao       8192 2  0.572194497    33550336    33566718 1
insercao      16384 2  2.286109943   134209536   134242302 1
insercao      32768 2  9.211229317   536854528   536920062 1
selecao           8 0  0.000000970          28           0 1
selecao          16 0  0.000002347         120           0 1
selecao          32 0  0.000008900         496           0 1
selecao          64 0  0.000034394        2016           0 1
selecao         128 0  0.000135593        8128           0 1
selecao         256 0  0.000531879       32640           0 1
selecao         512 0  0.002117982      130816           0 1
selecao        1024 0  0.008473920      523776           0 1
selecao        2048 0  0.034064952     2096128           0 1
selecao        4096 0  0.137315358     8386560           0 1
selecao        8192 0  0.544724968    33550336           0 1
selecao       16384 0  2.175341634   134209536           0 1
selecao       32768 0  8.715552972   536854528           0 1
selecao           8 1  0.000001286          28          12 1
selecao          16 1  0.000003720         120          30 1
selecao          32 1  0.000011082         496          60 1
selecao          64 1  0.000039052        2016         135 1
selecao         128 1  0.000158826        8128         300 1
selecao         256 1  0.000581918       32640         636 1
selecao         512 1  0.002174964      130816        1296 1
selecao        1024 1  0.008580918      523776        2556 1
selecao        2048 1  0.034413191     2096128        5124 1
selecao        4096 1  0.137655823     8386560       10224 1
selecao        8192 1  0.545861315    33550336       20496 1
selecao       16384 1  2.178163171   134209536       41052 1
selecao       32768 1  8.716654862   536854528       82260 1
selecao           8 2  0.000001617          28          12 1
selecao          16 2  0.000003360         120          24 1
selecao          32 2  0.000010135         496          48 1
selecao          64 2  0.000036406        2016          96 1
selecao         128 2  0.000137943        8128         192 1
selecao         256 2  0.000539200       32640         384 1
selecao         512 2  0.002143840      130816         768 1
selecao        1024 2  0.008531715      523776        1536 1
selecao        2048 2  0.034145837     2096128        3072 1
selecao        4096 2  0.138244519     8386560        6144 1
selecao        8192 2  0.546152290    33550336       12288 1
selecao       16384 2  2.179855765   134209536       24576 1
selecao       32768 2  8.727889187   536854528       49152 1
shell             8 0  0.000000705          11          11 1
shell            16 0  0.000000949          33          33 1
shell            32 0  0.000001775          90          90 1
shell            64 0  0.000004159         225         225 1
shell           128 0  0.000009687         545         545 1
shell           256 0  0.000022789        1309        1309 1
shell           512 0  0.000052302        3056        3056 1
shell          1024 0  0.000118912        6963        6963 1
shell          2048 0  0.000259362       15155       15155 1
shell          4096 0  0.000538762       31539       31539 1
shell          8192 0  0.001099749       64307       64307 1
shell         16384 0  0.002215820      129843      129843 1
shell         32768 0  0.004485198      260915      260915 1
shell         65536 0  0.009226433      523059      523059 1
shell        131072 0  0.029293520     1047347     1047347 1
shell        262144 0  0.040201779     2095923     2095923 1
shell        524288 0  0.076358881     4193075     4193075 1
shell       1048576 0  0.155062287     8387379     8387379 1
shell       2097152 0  0.305783440    16775987    16775987 1
shell       4194304 0  0.609487994    33553203    33553203 1
shell       8388608 0  1.217336336    67107635    67107635 1
shell      16777216 0  2.432609665   134216499   134216499 1
shell      33554432 0  4.867741952   268434227   268434227 1
shell      67108864 0  9.755425290   536869683   536869683 1
shell             8 1  0.000001349          17          25 1
shell            16 1  0.000002517          58          76 1
shell            32 1  0.000005437         144         190 1
shell            64 1  0.000013522         395         522 1
shell           128 1  0.000032042         953        1273 1
shell           256 1  0.000077544        2445        3213 1
shell           512 1  0.000188385        5794        7637 1
shell          1024 1  0.000426887       13333       17334 1
shell          2048 1  0.000982333       30273       39336 1
shell          4096 1  0.002141538       68610       87955 1
shell          8192 1  0.004775136      157566      198208 1
shell         16384 1  0.011383327      381427      466199 1
shell         32768 1  0.028513988      996783     1171644 1
shell         65536 1  0.080468841     2812225     3170143 1
shell        131072 1  0.223865319     8750942     9477016 1
shell        262144 1  0.802011591    29893144    31383809 1
shell        524288 1  2.877151484   106915323   109929199 1
shell       1048576 1 10.534076738   397377397   403417954 1
shell             8 2  0.000001275          20          37 1
shell            16 2  0.000002195          46          74 1
shell            32 2  0.000004388         129         186 1
shell            64 2  0.000008949         333         476 1
shell           128 2  0.000019576         796        1171 1
shell           256 2  0.000046242        1961        2883 1
shell           512 2  0.000095535        4244        5848 1
shell          1024 2  0.000209064        9695       12915 1
shell          2048 2  0.000484415       22395       31619 1
shell          4096 2  0.001086143       51477       71054 1
shell          8192 2  0.002505624      122842      157338 1
shell         16384 2  0.006855227      345459      417970 1
shell         32768 2  0.021655728     1069121     1212331 1
shell         65536 2  0.088966894     3680091     3970875 1
shell        131072 2  0.314843002    13504593    14096410 1
shell        262144 2  1.214820224    51588157    52863204 1
shell        524288 2  4.301898304   201285664   203853918 1
shell       1048576 2 19.042839850   794533248   799541932 1
heap              8 0  0.000002385          27          66 1
heap             16 0  0.000004861          85         174 1
heap             32 0  0.000011552         231         438 1
heap             64 0  0.000027365         593        1086 1
heap            128 0  0.000065905        1459        2550 1
heap            256 0  0.000152052        3452        5916 1
heap            512 0  0.000343925        7958       13392 1
heap           1024 0  0.000755288       18060       29904 1
heap           2048 0  0.001657099       40204       65592 1
heap           4096 0  0.003586875       88835      145080 1
heap           8192 0  0.007757939      194316      315918 1
heap          16384 0  0.017476847      421566      678174 1
heap          32768 0  0.042129631      908636     1450884 1
heap          65536 0  0.082093751     1948406     3103476 1
heap         131072 0  0.169792279     4162037     6619530 1
heap         262144 0  0.357842688     8849195    13993836 1
heap         524288 0  0.744348468    18755632    29504094 1
heap        1048576 0  1.563704297    39624024    62411652 1
heap        2097152 0  3.281704764    83541065   131598516 1
heap        4194304 0  6.905923458   175606952   275400024 1
heap              8 1  0.000002192          27          60 1
heap             16 1  0.000004520          77         150 1
heap             32 1  0.000011408         220         408 1
heap             64 1  0.000027170         551         957 1
heap            128 1  0.000065867        1391        2358 1
heap            256 1  0.000151913        3309        5538 1
heap            512 1  0.000347953        7650       12552 1
heap           1024 1  0.000772268       17372       28122 1
heap           2048 1  0.001805083       38920       62556 1
heap           4096 1  0.003788321       85986      137484 1
heap           8192 1  0.008254400      188208      299490 1
heap          16384 1  0.019388424      409516      648366 1
heap          32768 1  0.047158375      884641     1395108 1
heap          65536 1  0.099257079     1900752     2987835 1
heap         131072 1  0.198831886     4063419     6366840 1
heap         262144 1  0.442549730     8650754    13521015 1
heap         524288 1  0.981259533    18351707    28615545 1
heap        1048576 1  2.168930876    38803489    60383100 1
heap        2097152 1  4.610220700    81803608   127060431 1
heap        4194304 1 10.128552197   172002419   266718519 1
heap              8 2  0.000001959          24          48 1
heap             16 2  0.000003656          72         126 1
heap             32 2  0.000009331         202         336 1
heap             64 2  0.000024053         525         864 1
heap            128 2  0.000056701        1294        2106 1
heap            256 2  0.000134139        3106        4926 1
heap            512 2  0.000307841        7203       11316 1
heap           1024 2  0.000709398       16407       25626 1
heap           2048 2  0.001515173       36973       57762 1
heap           4096 2  0.003340000       82304      127590 1
heap           8192 2  0.007219143      180760      279546 1
heap          16384 2  0.016156464      394520      609096 1
heap          32768 2  0.035169458      854980     1319508 1
heap          65536 2  0.080808124     1839970     2823660 1
heap         131072 2  0.161534376     3939957     6042396 1
heap         262144 2  0.342025785     8397651    12861132 1
heap         524288 2  0.719154377    17868727    27357426 1
heap        1048576 2  1.519444609    37875507    57876864 1
heap        2097152 2  3.177823545    79876672   121982370 1
heap        4194304 2  6.726633100   168211150   256778124 1
merge             8 0  0.000002903          12          48 1
merge            16 0  0.000003255          32         128 1
merge            32 0  0.000006228          80         320 1
merge            64 0  0.000014720         192         768 1
merge           128 0  0.000030927         448        1792 1
merge           256 0  0.000070538        1024        4096 1
merge           512 0  0.000154455        2304        9216 1
merge          1024 0  0.000340439        5120       20480 1
merge          2048 0  0.000747619       11264       45056 1
merge          4096 0  0.001614728       24576       98304 1
merge          8192 0  0.003521332       53248      212992 1
merge         16384 0  0.007556641      114688      458752 1
merge         32768 0  0.016958920      245760      983040 1
merge         65536 0  0.038449228      524288     2097152 1
merge        131072 0  0.082344880     1114112     4456448 1
merge        262144 0  0.165971691     2359296     9437184 1
merge        524288 0  0.348649736     4980736    19922944 1
merge       1048576 0  0.738995351    10485760    41943040 1
merge       2097152 0  1.540723877    22020096    88080384 1
merge       4194304 0  3.216683320    46137344   184549376 1
merge       8388608 0  6.743098234    96468992   385875968 1
merge             8 1  0.000002119          17          48 1
merge            16 1  0.000003806          49         128 1
merge            32 1  0.000008944         123         320 1
merge            64 1  0.000021078         306         768 1
merge           128 1  0.000045609         741        1792 1
merge           256 1  0.000130346        1718        4096 1
merge           512 1  0.000223428        3936        9216 1
merge          1024 1  0.000493165        8950       20480 1
merge          2048 1  0.001083560       19927       45056 1
merge          4096 1  0.002436540       43893       98304 1
merge          8192 1  0.005261280       96006      212992 1
merge         16384 1  0.011897895      208517      458752 1
merge         32768 1  0.025082625      449667      983040 1
merge         65536 1  0.055264145      965324     2097152 1
merge        131072 1  0.111955187     2061503     4456448 1
merge        262144 1  0.237715393     4385164     9437184 1
merge        524288 1  0.496971941     9293699    19922944 1
merge       1048576 1  1.047139672    19637691    41943040 1
merge       2097152 1  2.198721217    41371780    88080384 1
merge       4194304 1  4.605523312    86940552   184549376 1
merge       8388608 1  9.640061920   182267786   385875968 1
merge             8 2  0.000002133          12          48 1
merge            16 2  0.000003004          32         128 1
merge            32 2  0.000006214          80         320 1
merge            64 2  0.000018585         192         768 1
merge           128 2  0.000031775         448        1792 1
merge           256 2  0.000071835        1024        4096 1
merge           512 2  0.000186158        2304        9216 1
merge          1024 2  0.000347968        5120       20480 1
merge          2048 2  0.000752269       11264       45056 1
merge          4096 2  0.001705035       24576       98304 1
merge          8192 2  0.003705627       53248      212992 1
merge         16384 2  0.007940860      114688      458752 1
merge         32768 2  0.017774774      245760      983040 1
merge         65536 2  0.041926102      524288     2097152 1
merge        131072 2  0.084628960     1114112     4456448 1
merge        262144 2  0.171263014     2359296     9437184 1
merge        524288 2  0.362037497     4980736    19922944 1
merge       1048576 2  0.765356446    10485760    41943040 1
merge       2097152 2  1.554544992    22020096    88080384 1
merge       4194304 2  3.265114631    46137344   184549376 1
merge       8388608 2  6.813591033    96468992   385875968 1
quick             8 0  0.000001395          35           0 1
quick            16 0  0.000002956         135           0 1
quick            32 0  0.000009593         527           0 1
quick            64 0  0.000036733        2079           0 1
quick           128 0  0.000453009        8255           0 1
quick           256 0  0.000526174       32895           0 1
quick           512 0  0.002048697      131327           0 1
quick          1024 0  0.007980390      524799           0 1
quick          2048 0  0.032074212     2098175           0 1
quick          4096 0  0.129088129     8390655           0 1
quick          8192 0  0.509390994    33558527           0 1
quick         16384 0  2.029999101   134225919           0 1
quick         32768 0  8.112521910   536887295           0 1
quick             8 1  0.000001427          24          12 1
quick            16 1  0.000002922          81          30 1
quick            32 1  0.000006744         181          84 1
quick            64 1  0.000015636         518         201 1
quick           128 1  0.000031090         974         480 1
quick           256 1  0.000086878        2321        1152 1
quick           512 1  0.000162054        5342        2604 1
quick          1024 1  0.000364182       12638        5712 1
quick          2048 1  0.000793089       27200       12948 1
quick          4096 1  0.001835736       67604       27678 1
quick          8192 1  0.003823391      135659       60882 1
quick         16384 1  0.008280484      299836      130902 1
quick         32768 1  0.018354912      682211      281574 1
quick         65536 1  0.039298391     1343852      608505 1
quick        131072 1  0.084392660     3088682     1284720 1
quick        262144 1  0.173543928     6233685     2763783 1
quick        524288 1  0.362661503    13031970     5829147 1
quick       1048576 1  0.766299307    27708868    12273000 1
quick       2097152 1  1.692459516    64675653    25304133 1
quick       4194304 1  3.377263636   123075406    54095631 1
quick       8388608 1  7.358674787   275446340   112818342 1
quick             8 2  0.000001714          31          12 1
quick            16 2  0.000003047         127          24 1
quick            32 2  0.000009916         511          48 1
quick            64 2  0.000037762        2047          96 1
quick           128 2  0.000136737        8191         192 1
quick           256 2  0.000517151       32767         384 1
quick           512 2  0.002030462      131071         768 1
quick          1024 2  0.008093825      524287        1536 1
quick          2048 2  0.032690017     2097151        3072 1
quick          4096 2  0.130454561     8388607        6144 1
quick          8192 2  0.515549321    33554431       12288 1
quick         16384 2  2.055905286   134217727       24576 1
quick         32768 2  8.215488667   536870911       49152 1
