bolha             8 0  0.000001604          49           0 1
bolha            16 0  0.000006976         225           0 1
bolha            32 0  0.000030330         961           0 1
bolha            64 0  0.000122438        3969           0 1
bolha           128 0  0.000391994       16129           0 1
bolha           256 0  0.001567893       65025           0 1
bolha           512 0  0.004205691      261121           0 1
bolha          1024 0  0.016829293     1046529           0 1
bolha          2048 0  0.067518317     4190209           0 1
bolha          4096 0  0.270066763    16769025           0 1
bolha          8192 0  1.080377132    67092481           0 1
bolha         16384 0  4.324403038   268402689           0 1
bolha         32768 0 17.327405526  1073676289           0 1
bolha             8 1  0.000001181          49          42 1
bolha            16 1  0.000005229         225         144 1
bolha            32 1  0.000024069         961         516 1
bolha            64 1  0.000098141        3969        2955 1
bolha           128 1  0.000390399       16129       10788 1
bolha           256 1  0.001550567       65025       43446 1
bolha           512 1  0.006324845      261121      187914 1
bolha          1024 1  0.025458765     1046529      702888 1
bolha          2048 1  0.103204777     4190209     2875920 1
bolha          4096 1  0.418534183    16769025    11382228 1
bolha          8192 1  1.691427807    67092481    45267180 1
bolha         16384 1  6.795576289   268402689   179769330 1
bolha             8 2  0.000001596          49          84 1
bolha            16 2  0.000007538         225         360 1
bolha            32 2  0.000030638         961        1488 1
bolha            64 2  0.000120877        3969        6048 1
bolha           128 2  0.000489085       16129       24384 1
bolha           256 2  0.001936037       65025       97920 1
bolha           512 2  0.007764390      261121      392448 1
bolha          1024 2  0.031238515     1046529     1571328 1
bolha          2048 2  0.124444728     4190209     6288384 1
bolha          4096 2  0.498325904    16769025    25159680 1
bolha          8192 2  1.996810849    67092481   100651008 1
bolha         16384 2  7.977574214   268402689   402628608 1
bolha2            8 0  0.000000500          28           0 1
bolha2           16 0  0.000002186         120           0 1
bolha2           32 0  0.000008767         496           0 1
bolha2           64 0  0.000033873        2016           0 1
bolha2          128 0  0.000133169        8128           0 1
bolha2          256 0  0.000528969       32640           0 1
bolha2          512 0  0.002108025      130816           0 1
bolha2         1024 0  0.008429788      523776           0 1
bolha2         2048 0  0.033737314     2096128           0 1
bolha2         4096 0  0.135066010     8386560           0 1
bolha2         8192 0  0.540325005    33550336           0 1
bolha2        16384 0  2.162139900   134209536           0 1
bolha2        32768 0  8.652519074   536854528           0 1
bolha2            8 1  0.000000871          28          42 1
bolha2           16 1  0.000003590         120         144 1
bolha2           32 1  0.000013984         496         516 1
bolha2           64 1  0.000066062        2016        2955 1
bolha2          128 1  0.000260420        8128       10788 1
bolha2          256 1  0.001030559       32640       43446 1
bolha2          512 1  0.004268615      130816      187914 1
bolha2         1024 1  0.017172848      523776      702888 1
bolha2         2048 1  0.070249961     2096128     2875920 1
bolha2         4096 1  0.284946350     8386560    11382228 1
bolha2         8192 1  1.159739955    33550336    45267180 1
bolha2        16384 1  4.650596401   134209536   179769330 1
bolha2        32768 1 18.757327760   536854528   725390838 1
bolha2            8 2  0.000001353          28          84 1
bolha2           16 2  0.000005508         120         360 1
bolha2           32 2  0.000022171         496        1488 1
bolha2           64 2  0.000088327        2016        6048 1
bolha2          128 2  0.000358978        8128       24384 1
bolha2          256 2  0.001418589       32640       97920 1
bolha2          512 2  0.005697522      130816      392448 1
bolha2         1024 2  0.023129904      523776     1571328 1
bolha2         2048 2  0.091064378     2096128     6288384 1
bolha2         4096 2  0.364520210     8386560    25159680 1
bolha2         8192 2  1.460477430    33550336   100651008 1
bolha2        16384 2  5.831440797   134209536   402628608 1
bolha3            8 0  0.000000195           7           0 1
bolha3           16 0  0.000000283          15           0 1
bolha3           32 0  0.000000559          31           0 1
bolha3           64 0  0.000001067          63           0 1
bolha3          128 0  0.000002090         127           0 1
bolha3          256 0  0.000004162         255           0 1
bolha3          512 0  0.000008246         511           0 1
bolha3         1024 0  0.000016491        1023           0 1
bolha3         2048 0  0.000032986        2047           0 1
bolha3         4096 0  0.000065984        4095           0 1
bolha3         8192 0  0.000131971        8191           0 1
bolha3        16384 0  0.000263387       16383           0 1
bolha3        32768 0  0.000544957       32767           0 1
bolha3        65536 0  0.001098952       65535           0 1
bolha3       131072 0  0.002210146      131071           0 1
bolha3       262144 0  0.004425272      262143           0 1
bolha3       524288 0  0.009052224      524287           0 1
bolha3      1048576 0  0.018054267     1048575           0 1
bolha3      2097152 0  0.035209784     2097151           0 1
bolha3      4194304 0  0.071253859     4194303           0 1
bolha3      8388608 0  0.141782791     8388607           0 1
bolha3     16777216 0  0.283457550    16777215           0 1
bolha3     33554432 0  0.567565480    33554431           0 1
bolha3     67108864 0  1.133957727    67108863           0 1
bolha3    134217728 0 60.137714052   134217727           0 1
bolha3            8 1  0.000000871          27          42 1
bolha3           16 1  0.000003029          92         144 1
bolha3           32 1  0.000013188         460         516 1
bolha3           64 1  0.000065835        1950        2955 1
bolha3          128 1  0.000254791        7875       10788 1
bolha3          256 1  0.001051981       32595       43446 1
bolha3          512 1  0.004298064      130738      187914 1
bolha3         1024 1  0.017256125      523698      702888 1
bolha3         2048 1  0.070627990     2093353     2875920 1
bolha3         4096 1  0.286883831     8375975    11382228 1
bolha3         8192 1  1.166942086    33546420    45267180 1
bolha3        16384 1  4.701022255   134205881   179769330 1
bolha3        32768 1 19.011068478   536850873   725390838 1
bolha3            8 2  0.000001334          28          84 1
bolha3           16 2  0.000005752         120         360 1
bolha3           32 2  0.000022486         496        1488 1
bolha3           64 2  0.000090122        2016        6048 1
bolha3          128 2  0.000360269        8128       24384 1
bolha3          256 2  0.001456773       32640       97920 1
bolha3          512 2  0.005763802      130816      392448 1
bolha3         1024 2  0.023142783      523776     1571328 1
bolha3         2048 2  0.093097872     2096128     6288384 1
bolha3         4096 2  0.368881288     8386560    25159680 1
bolha3         8192 2  1.478737001    33550336   100651008 1
bolha3        16384 2  5.919285880   134209536   402628608 1
bolha4            8 0  0.000000157           7           0 1
bolha4           16 0  0.000000284          15           0 1
bolha4           32 0  0.000000575          31           0 1
bolha4           64 0  0.000001059          63           0 1
bolha4          128 0  0.000002104         127           0 1
bolha4          256 0  0.000004130         255           0 1
bolha4          512 0  0.000008281         511           0 1
bolha4         1024 0  0.000016535        1023           0 1
bolha4         2048 0  0.000033833        2047           0 1
bolha4         4096 0  0.000070089        4095           0 1
bolha4         8192 0  0.000142607        8191           0 1
bolha4        16384 0  0.000263967       16383           0 1
bolha4        32768 0  0.000538336       32767           0 1
bolha4        65536 0  0.001110441       65535           0 1
bolha4       131072 0  0.002257093      131071           0 1
bolha4       262144 0  0.004512328      262143           0 1
bolha4       524288 0  0.009006631      524287           0 1
bolha4      1048576 0  0.018083325     1048575           0 1
bolha4      2097152 0  0.035796012     2097151           0 1
bolha4      4194304 0  0.071629985     4194303           0 1
bolha4      8388608 0  0.143325238     8388607           0 1
bolha4     16777216 0  0.286893848    16777215           0 1
bolha4     33554432 0  0.573664226    33554431           0 1
bolha4     67108864 0  1.147827875    67108863           0 1
bolha4    134217728 0 54.196982173   134217727           0 1
bolha4            8 1  0.000000968          26          42 1
bolha4           16 1  0.000002878          86         144 1
bolha4           32 1  0.000013292         460         516 1
bolha4           64 1  0.000065185        1904        2955 1
bolha4          128 1  0.000257025        7791       10788 1
bolha4          256 1  0.001050726       32447       43446 1
bolha4          512 1  0.004369743      130485      187914 1
bolha4         1024 1  0.017371178      520069      702888 1
bolha4         2048 1  0.072260370     2088896     2875920 1
bolha4         4096 1  0.289667807     8360793    11382228 1
bolha4         8192 1  1.172874311    33498777    45267180 1
bolha4        16384 1  4.706956989   134182165   179769330 1
bolha4        32768 1 18.966935785   536760435   725390838 1
bolha4            8 2  0.000001347          28          84 1
bolha4           16 2  0.000005698         120         360 1
bolha4           32 2  0.000022944         496        1488 1
bolha4           64 2  0.000091125        2016        6048 1
bolha4          128 2  0.000363379        8128       24384 1
bolha4          256 2  0.001452210       32640       97920 1
bolha4          512 2  0.005826708      130816      392448 1
bolha4         1024 2  0.024225295      523776     1571328 1
bolha4         2048 2  0.093502868     2096128     6288384 1
bolha4         4096 2  0.372957524     8386560    25159680 1
bolha4         8192 2  1.517131893    33550336   100651008 1
bolha4        16384 2  5.979952919   134209536   402628608 1
insercao          8 0  0.000000160           7           7 1
insercao         16 0  0.000000331          15          15 1
insercao         32 0  0.000000583          31          31 1
insercao         64 0  0.000001122          63          63 1
insercao        128 0  0.000002176         127         127 1
insercao        256 0  0.000004335         255         255 1
insercao        512 0  0.000008690         511         511 1
insercao       1024 0  0.000017414        1023        1023 1
insercao       2048 0  0.000034589        2047        2047 1
insercao       4096 0  0.000069045        4095        4095 1
insercao       8192 0  0.000138892        8191        8191 1
insercao      16384 0  0.000276107       16383       16383 1
insercao      32768 0  0.000556610       32767       32767 1
insercao      65536 0  0.001180596       65535       65535 1
insercao     131072 0  0.002332629      131071      131071 1
insercao     262144 0  0.004721926      262143      262143 1
insercao     524288 0  0.009591305      524287      524287 1
insercao    1048576 0  0.019166162     1048575     1048575 1
insercao    2097152 0  0.037489174     2097151     2097151 1
insercao    4194304 0  0.074991183     4194303     4194303 1
insercao    8388608 0  0.150031107     8388607     8388607 1
insercao   16777216 0  0.299874605    16777215    16777215 1
insercao   33554432 0  0.600088654    33554431    33554431 1
insercao   67108864 0  1.209248335    67108863    67108863 1
insercao  134217728 0 60.755402327   134217727   134217727 1
insercao          8 1  0.000000422          21          26 1
insercao         16 1  0.000001186          63          77 1
insercao         32 1  0.000004188         203         229 1
insercao         64 1  0.000019370        1048        1109 1
insercao        128 1  0.000066933        3719        3847 1
insercao        256 1  0.000256073       14733       14989 1
insercao        512 1  0.001078571       63142       63657 1
insercao       1024 1  0.004016180      235316      236341 1
insercao       2048 1  0.016346593      960678      962726 1
insercao       4096 1  0.064617950     3798167     3802262 1
insercao       8192 1  0.256796775    15097247    15105431 1
insercao      16384 1  1.016231034    59939487    59955871 1
insercao      32768 1  4.101240478   241829708   241862471 1
insercao      65536 1 16.413834258   967231826   967297354 1
insercao          8 2  0.000000628          28          42 1
insercao         16 2  0.000002513         120         150 1
insercao         32 2  0.000009438         496         558 1
insercao         64 2  0.000037008        2016        2142 1
insercao        128 2  0.000142583        8128        8382 1
insercao        256 2  0.000557831       32640       33150 1
insercao        512 2  0.002217584      130816      131838 1
insercao       1024 2  0.008878443      523776      525822 1
insercao       2048 2  0.036170697     2096128     2100222 1
insercao       4096 2  0.142346893     8386560     8394750 1
insercao       8192 2  0.569825948    33550336    33566718 1
insercao      16384 2  2.274924938   134209536   134242302 1
insercao      32768 2  9.107034085   536854528   536920062 1
selecao           8 0  0.000000551          28           0 1
selecao          16 0  0.000002203         120           0 1
selecao          32 0  0.000008983         496           0 1
selecao          64 0  0.000034508        2016           0 1
selecao         128 0  0.000134179        8128           0 1
selecao         256 0  0.000531584       32640           0 1
selecao         512 0  0.002117963      130816           0 1
selecao        1024 0  0.008473842      523776           0 1
selecao        2048 0  0.035247746     2096128           0 1
selecao        4096 0  0.135827365     8386560           0 1
selecao        8192 0  0.543270729    33550336           0 1
selecao       16384 0  2.173379072   134209536           0 1
selecao       32768 0  8.700078539   536854528           0 1
selecao           8 1  0.000000636          28          12 1
selecao          16 1  0.000002363         120          30 1
selecao          32 1  0.000010061         496          60 1
selecao          64 1  0.000037815        2016         135 1
selecao         128 1  0.000144103        8128         300 1
selecao         256 1  0.000555877       32640         636 1
selecao         512 1  0.002175746      130816        1296 1
selecao        1024 1  0.008585010      523776        2556 1
selecao        2048 1  0.034152907     2096128        5124 1
selecao        4096 1  0.136412002     8386560       10224 1
selecao        8192 1  0.544360681    33550336       20496 1
selecao       16384 1  2.175659057   134209536       41052 1
selecao       32768 1  8.704116907   536854528       82260 1
selecao           8 2  0.000000631          28          12 1
selecao          16 2  0.000002282         120          24 1
selecao          32 2  0.000009647         496          48 1
selecao          64 2  0.000036612        2016          96 1
selecao         128 2  0.000138407        8128         192 1
selecao         256 2  0.000541500       32640         384 1
selecao         512 2  0.002146430      130816         768 1
selecao        1024 2  0.008550045      523776        1536 1
selecao        2048 2  0.034230408     2096128        3072 1
selecao        4096 2  0.137209553     8386560        6144 1
selecao        8192 2  0.547894267    33550336       12288 1
selecao       16384 2  2.190962461   134209536       24576 1
selecao       32768 2  8.764249463   536854528       49152 1
shell             8 0  0.000000278          11          11 1
shell            16 0  0.000000706          33          33 1
shell            32 0  0.000001735          90          90 1
shell            64 0  0.000004012         225         225 1
shell           128 0  0.000009588         545         545 1
shell           256 0  0.000022625        1309        1309 1
shell           512 0  0.000052454        3056        3056 1
shell          1024 0  0.000118805        6963        6963 1
shell          2048 0  0.000259286       15155       15155 1
shell          4096 0  0.000538843       31539       31539 1
shell          8192 0  0.001101175       64307       64307 1
shell         16384 0  0.002217356      129843      129843 1
shell         32768 0  0.004460808      260915      260915 1
shell         65536 0  0.009105896      523059      523059 1
shell        131072 0  0.019250401     1047347     1047347 1
shell        262144 0  0.037917570     2095923     2095923 1
shell        524288 0  0.075671044     4193075     4193075 1
shell       1048576 0  0.152362503     8387379     8387379 1
shell       2097152 0  0.303529648    16775987    16775987 1
shell       4194304 0  0.606922698    33553203    33553203 1
shell       8388608 0  1.213623474    67107635    67107635 1
shell      16777216 0  2.424331343   134216499   134216499 1
shell      33554432 0  4.852228385   268434227   268434227 1
shell      67108864 0  9.703713774   536869683   536869683 1
shell             8 1  0.000000435          17          25 1
shell            16 1  0.000001210          58          76 1
shell            32 1  0.000003039         144         190 1
shell            64 1  0.000008505         395         522 1
shell           128 1  0.000026095         953        1273 1
shell           256 1  0.000074802        2445        3213 1
shell           512 1  0.000181577        5794        7637 1
shell          1024 1  0.000423088       13333       17334 1
shell          2048 1  0.000962606       30273       39336 1
shell          4096 1  0.002157063       68610       87955 1
shell          8192 1  0.004775385      157566      198208 1
shell         16384 1  0.010737816      381427      466199 1
shell         32768 1  0.025748938      996783     1171644 1
shell         65536 1  0.067549434     2812225     3170143 1
shell        131072 1  0.210878686     8750942     9477016 1
shell        262144 1  0.768704243    29893144    31383809 1
shell        524288 1  2.749353767   106915323   109929199 1
shell       1048576 1  9.910522348   397377397   403417954 1
shell             8 2  0.000000570          20          37 1
shell            16 2  0.000001109          46          74 1
shell            32 2  0.000002892         129         186 1
shell            64 2  0.000007578         333         476 1
shell           128 2  0.000018397         796        1171 1
shell           256 2  0.000044267        1961        2883 1
shell           512 2  0.000092541        4244        5848 1
shell          1024 2  0.000206212        9695       12915 1
shell          2048 2  0.000486021       22395       31619 1
shell          4096 2  0.001091350       51477       71054 1
shell          8192 2  0.002518406      122842      157338 1
shell         16384 2  0.006892492      345459      417970 1
shell         32768 2  0.020741150     1069121     1212331 1
shell         65536 2  0.070547828     3680091     3970875 1
shell        131072 2  0.280551002    13504593    14096410 1
shell        262144 2  1.172723840    51588157    52863204 1
shell        524288 2  4.094464518   201285664   203853918 1
shell       1048576 2 15.951940779   794533248   799541932 1
heap              8 0  0.000001358          27          66 1
heap             16 0  0.000003624          85         174 1
heap             32 0  0.000009411         231         438 1
heap             64 0  0.000024154         593        1086 1
heap            128 0  0.000062119        1459        2550 1
heap            256 0  0.000149208        3452        5916 1
heap            512 0  0.000337718        7958       13392 1
heap           1024 0  0.000749075       18060       29904 1
heap           2048 0  0.001636103       40204       65592 1
heap           4096 0  0.003572272       88835      145080 1
heap           8192 0  0.007699989      194316      315918 1
heap          16384 0  0.016929225      421566      678174 1
heap          32768 0  0.035216012      908636     1450884 1
heap          65536 0  0.075636602     1948406     3103476 1
heap         131072 0  0.162913554     4162037     6619530 1
heap         262144 0  0.347150506     8849195    13993836 1
heap         524288 0  0.734784954    18755632    29504094 1
heap        1048576 0  1.548349684    39624024    62411652 1
heap        2097152 0  3.263002036    83541065   131598516 1
heap        4194304 0  6.806600364   175606952   275400024 1
heap              8 1  0.000001219          27          60 1
heap             16 1  0.000003122          77         150 1
heap             32 1  0.000009063         220         408 1
heap             64 1  0.000021733         551         957 1
heap            128 1  0.000056431        1391        2358 1
heap            256 1  0.000140816        3309        5538 1
heap            512 1  0.000333011        7650       12552 1
heap           1024 1  0.000757548       17372       28122 1
heap           2048 1  0.001693409       38920       62556 1
heap           4096 1  0.003729050       85986      137484 1
heap           8192 1  0.008285089      188208      299490 1
heap          16384 1  0.020442664      409516      648366 1
heap          32768 1  0.039290590      884641     1395108 1
heap          65536 1  0.084835111     1900752     2987835 1
heap         131072 1  0.187680905     4063419     6366840 1
heap         262144 1  0.425133376     8650754    13521015 1
heap         524288 1  0.978782747    18351707    28615545 1
heap        1048576 1  2.086172409    38803489    60383100 1
heap        2097152 1  4.529117662    81803608   127060431 1
heap        4194304 1  9.762351627   172002419   266718519 1
heap              8 2  0.000001029          24          48 1
heap             16 2  0.000002809          72         126 1
heap             32 2  0.000008021         202         336 1
heap             64 2  0.000020294         525         864 1
heap            128 2  0.000052002        1294        2106 1
heap            256 2  0.000128624        3106        4926 1
heap            512 2  0.000301953        7203       11316 1
heap           1024 2  0.000677975       16407       25626 1
heap           2048 2  0.001499313       36973       57762 1
heap           4096 2  0.003295947       82304      127590 1
heap           8192 2  0.007164485      180760      279546 1
heap          16384 2  0.015680768      394520      609096 1
heap          32768 2  0.033154099      854980     1319508 1
heap          65536 2  0.071641144     1839970     2823660 1
heap         131072 2  0.154156635     3939957     6042396 1
heap         262144 2  0.330705533     8397651    12861132 1
heap         524288 2  0.706959040    17868727    27357426 1
heap        1048576 2  1.498670030    37875507    57876864 1
heap        2097152 2  3.147657786    79876672   121982370 1
heap        4194304 2  6.628206774   168211150   256778124 1
merge             8 0  0.000000920          12          48 1
merge            16 0  0.000002317          32         128 1
merge            32 0  0.000005744          80         320 1
merge            64 0  0.000013618         192         768 1
merge           128 0  0.000031408         448        1792 1
merge           256 0  0.000068846        1024        4096 1
merge           512 0  0.000152980        2304        9216 1
merge          1024 0  0.000338624        5120       20480 1
merge          2048 0  0.000738114       11264       45056 1
merge          4096 0  0.001604914       24576       98304 1
merge          8192 0  0.003474570       53248      212992 1
merge         16384 0  0.007631589      114688      458752 1
merge         32768 0  0.016172310      245760      983040 1
merge         65536 0  0.034995302      524288     2097152 1
merge        131072 0  0.076325878     1114112     4456448 1
merge        262144 0  0.165501980     2359296     9437184 1
merge        524288 0  0.352528903     4980736    19922944 1
merge       1048576 0  0.752643346    10485760    41943040 1
merge       2097152 0  1.523749405    22020096    88080384 1
merge       4194304 0  3.189299032    46137344   184549376 1
merge       8388608 0  6.705129945    96468992   385875968 1
merge             8 1  0.000001077          17          48 1
merge            16 1  0.000002517          49         128 1
merge            32 1  0.000006917         123         320 1
merge            64 1  0.000016793         306         768 1
merge           128 1  0.000041787         741        1792 1
merge           256 1  0.000098016        1718        4096 1
merge           512 1  0.000220303        3936        9216 1
merge          1024 1  0.000495811        8950       20480 1
merge          2048 1  0.001088697       19927       45056 1
merge          4096 1  0.002359888       43893       98304 1
merge          8192 1  0.005109962       96006      212992 1
merge         16384 1  0.011126223      208517      458752 1
merge         32768 1  0.023824293      449667      983040 1
merge         65536 1  0.050816859      965324     2097152 1
merge        131072 1  0.109648506     2061503     4456448 1
merge        262144 1  0.232707469     4385164     9437184 1
merge        524288 1  0.492094707     9293699    19922944 1
merge       1048576 1  1.038693037    19637691    41943040 1
merge       2097152 1  2.191319821    41371780    88080384 1
merge       4194304 1  4.599442878    86940552   184549376 1
merge       8388608 1  9.622718147   182267786   385875968 1
merge             8 2  0.000000924          12          48 1
merge            16 2  0.000002333          32         128 1
merge            32 2  0.000005987          80         320 1
merge            64 2  0.000014035         192         768 1
merge           128 2  0.000032053         448        1792 1
merge           256 2  0.000070194        1024        4096 1
merge           512 2  0.000154637        2304        9216 1
merge          1024 2  0.000342021        5120       20480 1
merge          2048 2  0.000746988       11264       45056 1
merge          4096 2  0.001627473       24576       98304 1
merge          8192 2  0.003510008       53248      212992 1
merge         16384 2  0.007631209      114688      458752 1
merge         32768 2  0.016447863      245760      983040 1
merge         65536 2  0.035365434      524288     2097152 1
merge        131072 2  0.077132690     1114112     4456448 1
merge        262144 2  0.164759312     2359296     9437184 1
merge        524288 2  0.352574475     4980736    19922944 1
merge       1048576 2  0.752134475    10485760    41943040 1
merge       2097152 2  1.542783175    22020096    88080384 1
merge       4194304 2  3.228338347    46137344   184549376 1
merge       8388608 2  6.754389582    96468992   385875968 1
quick             8 0  0.000000708          35           0 1
quick            16 0  0.000002560         135           0 1
quick            32 0  0.000009302         527           0 1
quick            64 0  0.000034265        2079           0 1
quick           128 0  0.000129181        8255           0 1
quick           256 0  0.000503837       32895           0 1
quick           512 0  0.001989594      131327           0 1
quick          1024 0  0.007947609      524799           0 1
quick          2048 0  0.031661679     2098175           0 1
quick          4096 0  0.127147316     8390655           0 1
quick          8192 0  0.505861521    33558527           0 1
quick         16384 0  2.025542684   134225919           0 1
quick         32768 0  8.091508111   536887295           0 1
quick             8 1  0.000000649          24          12 1
quick            16 1  0.000001817          81          30 1
quick            32 1  0.000004388         181          84 1
quick            64 1  0.000011295         518         201 1
quick           128 1  0.000023254         974         480 1
quick           256 1  0.000060858        2321        1152 1
quick           512 1  0.000150614        5342        2604 1
quick          1024 1  0.000354827       12638        5712 1
quick          2048 1  0.000782376       27200       12948 1
quick          4096 1  0.001817981       67604       27678 1
quick          8192 1  0.003777864      135659       60882 1
quick         16384 1  0.008227200      299836      130902 1
quick         32768 1  0.018859479      682211      281574 1
quick         65536 1  0.037237056     1343852      608505 1
quick        131072 1  0.082341901     3088682     1284720 1
quick        262144 1  0.171536576     6233685     2763783 1
quick        524288 1  0.357643092    13031970     5829147 1
quick       1048576 1  0.755964986    27708868    12273000 1
quick       2097152 1  1.673596303    64675653    25304133 1
quick       4194304 1  3.346716418   123075406    54095631 1
quick       8388608 1  7.287178809   275446340   112818342 1
quick             8 2  0.000000780          31          12 1
quick            16 2  0.000002745         127          24 1
quick            32 2  0.000009756         511          48 1
quick            64 2  0.000036081        2047          96 1
quick           128 2  0.000132798        8191         192 1
quick           256 2  0.000514919       32767         384 1
quick           512 2  0.002026385      131071         768 1
quick          1024 2  0.008072609      524287        1536 1
quick          2048 2  0.032141669     2097151        3072 1
quick          4096 2  0.128846153     8388607        6144 1
quick          8192 2  0.512455132    33554431       12288 1
quick         16384 2  2.048872493   134217727       24576 1
quick         32768 2  8.199907506   536870911       49152 1